[2, 14, 4, 7, 12, 8, 5, 15, 9, 11, 1, 10, 6, 3, 13, 16] 62.87132143974304
[2, 15, 4, 8, 12, 7, 5, 14, 9, 11, 1, 10, 6, 3, 13, 16] 70.94530630111694
[4, 14, 8, 5, 10, 9, 7, 16, 6, 13, 1, 15, 3, 2, 11, 12] 194.9832775592804
[4, 15, 8, 6, 10, 7, 9, 16, 5, 11, 1, 14, 2, 3, 13, 12] 204.84231209754944
[4, 16, 8, 7, 10, 6, 9, 15, 5, 11, 1, 14, 2, 3, 13, 12] 217.43227076530457
[5, 13, 2, 11, 15, 10, 1, 16, 3, 7, 4, 9, 6, 8, 14, 12] 262.31358003616333
[5, 14, 6, 8, 9, 11, 2, 12, 7, 16, 3, 15, 4, 1, 10, 13] 274.4538059234619
[6, 10, 3, 8, 7, 16, 2, 15, 9, 14, 1, 13, 5, 4, 11, 12] 319.8362309932709
[6, 15, 5, 11, 12, 10, 4, 16, 1, 9, 3, 14, 2, 8, 13, 7] 362.8106954097748
[6, 15, 9, 7, 10, 5, 11, 16, 3, 8, 1, 13, 2, 4, 14, 12] 365.3124186992645
[6, 15, 9, 7, 10, 8, 5, 13, 3, 14, 4, 16, 2, 1, 11, 12] 365.32041931152344
[6, 16, 2, 15, 12, 9, 3, 14, 4, 7, 1, 11, 5, 10, 13, 8] 371.50100779533386
[6, 16, 7, 10, 9, 8, 4, 11, 3, 14, 5, 15, 1, 2, 13, 12] 375.95540404319763
[6, 16, 8, 9, 10, 7, 4, 11, 3, 14, 5, 15, 2, 1, 12, 13] 377.2129256725311
[6, 16, 8, 9, 12, 7, 2, 11, 3, 14, 5, 15, 4, 1, 10, 13] 377.3874628543854
[6, 16, 8, 9, 14, 7, 2, 13, 1, 12, 5, 15, 4, 3, 10, 11] 377.55258345603943
[6, 16, 9, 8, 12, 2, 10, 14, 4, 7, 1, 11, 5, 3, 13, 15] 378.60494351387024
[7, 10, 8, 4, 9, 11, 6, 16, 3, 12, 5, 13, 2, 1, 14, 15] 407.41754722595215
[7, 11, 1, 12, 13, 10, 3, 16, 5, 4, 2, 6, 8, 9, 15, 14] 410.5601136684418
[7, 15, 5, 12, 13, 10, 3, 16, 1, 8, 2, 14, 4, 9, 11, 6] 452.2169494628906
[7, 15, 11, 6, 13, 4, 9, 16, 2, 8, 1, 14, 5, 3, 10, 12] 456.8666777610779
[7, 16, 3, 15, 6, 10, 2, 8, 9, 14, 1, 13, 5, 4, 11, 12] 462.3742821216583
[7, 16, 8, 10, 13, 3, 9, 15, 1, 5, 2, 11, 4, 6, 14, 12] 467.56486535072327
[8, 12, 6, 9, 4, 14, 5, 13, 7, 15, 1, 16, 2, 3, 11, 10] 516.2240626811981
[8, 13, 2, 14, 7, 11, 1, 9, 5, 12, 6, 10, 3, 4, 16, 15] 523.5086619853973
[8, 13, 5, 11, 10, 14, 1, 15, 3, 12, 2, 16, 4, 7, 9, 6] 525.703688621521
[8, 16, 4, 15, 12, 9, 3, 14, 2, 7, 1, 13, 5, 10, 11, 6] 560.0831599235535
[8, 16, 6, 13, 12, 5, 2, 9, 1, 10, 7, 11, 4, 3, 14, 15] 562.9653964042664
[8, 16, 7, 12, 11, 2, 10, 13, 3, 4, 1, 9, 5, 6, 15, 14] 564.2463581562042
[9, 13, 11, 6, 15, 4, 5, 14, 3, 8, 2, 12, 10, 1, 7, 16] 638.1741321086884
[9, 14, 6, 12, 5, 11, 2, 8, 7, 16, 3, 15, 4, 1, 10, 13] 646.8128912448883
[10, 12, 9, 8, 5, 6, 13, 14, 4, 7, 1, 11, 2, 3, 16, 15] 739.6933259963989
[10, 12, 9, 8, 16, 6, 2, 14, 4, 7, 1, 11, 13, 3, 5, 15] 740.2703022956848
[11, 8, 1, 13, 4, 16, 2, 12, 7, 10, 3, 9, 5, 6, 15, 14] 825.2537271976471
[11, 10, 4, 12, 5, 15, 6, 16, 3, 8, 1, 13, 2, 9, 14, 7] 845.0854291915894
[11, 16, 7, 15, 3, 6, 9, 8, 5, 10, 1, 13, 2, 4, 14, 12] 891.5404858589172
[11, 16, 7, 15, 13, 2, 5, 10, 1, 4, 3, 9, 8, 6, 12, 14] 892.4472889900208
[12, 6, 2, 11, 10, 15, 1, 16, 4, 5, 3, 7, 9, 8, 13, 14] 929.510036945343
[12, 6, 8, 5, 10, 15, 1, 16, 4, 11, 3, 13, 9, 2, 7, 14] 933.2894892692566
[12, 8, 4, 11, 13, 10, 2, 15, 1, 3, 5, 6, 9, 7, 14, 16] 949.4537608623505
[12, 8, 9, 6, 14, 10, 2, 16, 4, 7, 1, 11, 13, 3, 5, 15] 952.7841975688934
[12, 9, 2, 14, 6, 16, 3, 15, 4, 7, 1, 11, 5, 10, 13, 8] 958.5899608135223
[12, 9, 5, 11, 3, 16, 6, 15, 4, 10, 1, 14, 2, 7, 13, 8] 960.6102921962738
[12, 9, 5, 11, 6, 16, 3, 15, 1, 10, 4, 14, 2, 7, 13, 8] 960.7781791687012
[12, 9, 5, 11, 14, 8, 3, 15, 1, 2, 4, 6, 10, 7, 13, 16] 961.1434037685394
[12, 9, 5, 11, 14, 8, 3, 15, 4, 2, 1, 6, 13, 7, 10, 16] 961.1434037685394
[12, 9, 10, 6, 14, 8, 3, 15, 4, 7, 1, 11, 13, 2, 5, 16] 963.1214604377747
[12, 10, 4, 13, 11, 7, 6, 14, 3, 1, 2, 5, 9, 8, 15, 16] 971.2760999202728
[12, 13, 5, 15, 6, 9, 3, 8, 1, 10, 7, 11, 2, 4, 16, 14] 991.4157934188843
[12, 16, 8, 15, 10, 5, 1, 6, 4, 11, 3, 13, 9, 2, 7, 14] 1016.5189917087555
[12, 16, 9, 14, 6, 2, 10, 8, 4, 7, 1, 11, 5, 3, 13, 15] 1017.5853247642517
[13, 7, 10, 5, 6, 11, 9, 16, 1, 8, 4, 12, 3, 2, 14, 15] 1072.5326564311981
[13, 7, 10, 5, 9, 14, 3, 16, 1, 11, 4, 15, 6, 2, 8, 12] 1072.6950237751007
[13, 8, 7, 9, 2, 16, 6, 14, 5, 12, 1, 15, 3, 4, 11, 10] 1081.2656035423279
[13, 8, 7, 9, 6, 16, 2, 14, 1, 12, 5, 15, 3, 4, 11, 10] 1081.6856429576874
[13, 9, 10, 7, 6, 8, 12, 16, 1, 5, 2, 11, 3, 4, 15, 14] 1095.4449136257172
[13, 9, 10, 7, 15, 8, 3, 16, 1, 5, 2, 11, 12, 4, 6, 14] 1095.8263890743256
[13, 12, 6, 14, 5, 9, 4, 8, 1, 10, 7, 11, 2, 3, 16, 15] 1125.0271303653717
[13, 14, 7, 15, 6, 11, 2, 9, 1, 12, 4, 16, 3, 5, 10, 8] 1133.2288007736206
[13, 16, 10, 14, 9, 5, 3, 7, 1, 11, 4, 15, 6, 2, 8, 12] 1149.310742855072
[14, 8, 2, 15, 4, 16, 1, 11, 5, 9, 3, 10, 6, 7, 13, 12] 1215.0098235607147
[14, 8, 7, 10, 2, 16, 4, 12, 6, 13, 1, 15, 5, 3, 9, 11] 1219.3692054748535
[14, 12, 8, 13, 2, 6, 11, 9, 5, 7, 1, 10, 4, 3, 15, 16] 1262.641906261444
[14, 16, 10, 15, 6, 3, 9, 8, 2, 7, 1, 13, 5, 4, 11, 12] 1283.9675643444061
[15, 6, 5, 11, 10, 12, 4, 16, 1, 2, 3, 7, 9, 8, 13, 14] 1342.2448439598083
[15, 6, 9, 7, 10, 14, 2, 16, 3, 8, 1, 13, 11, 4, 5, 12] 1344.527086019516
[15, 6, 11, 5, 10, 12, 4, 16, 1, 8, 3, 13, 9, 2, 7, 14] 1345.6966576576233
[15, 9, 5, 14, 1, 12, 8, 11, 4, 7, 2, 10, 3, 6, 16, 13] 1376.1011955738068
[15, 9, 5, 14, 11, 8, 3, 12, 1, 2, 4, 6, 10, 7, 13, 16] 1376.9423232078552
[15, 9, 5, 14, 11, 8, 3, 12, 4, 2, 1, 6, 13, 7, 10, 16] 1376.9579486846924
[15, 9, 11, 8, 13, 6, 5, 14, 1, 4, 2, 10, 12, 3, 7, 16] 1381.9747898578644
[15, 10, 8, 12, 5, 7, 11, 13, 1, 3, 2, 9, 4, 6, 16, 14] 1391.5649809837341
[15, 10, 8, 12, 13, 7, 1, 11, 3, 5, 2, 9, 14, 4, 6, 16] 1392.0351946353912
[16, 6, 9, 8, 2, 12, 10, 14, 4, 7, 1, 11, 5, 3, 13, 15] 1497.061627149582
[16, 6, 9, 8, 10, 12, 2, 14, 4, 7, 1, 11, 13, 3, 5, 15] 1497.6918902397156
[16, 7, 10, 8, 6, 14, 3, 13, 4, 11, 1, 15, 9, 2, 5, 12] 1510.3082466125488
[16, 9, 5, 15, 2, 13, 7, 12, 3, 6, 1, 11, 4, 8, 14, 10] 1528.5618693828583
[16, 10, 8, 13, 4, 7, 11, 12, 2, 3, 1, 9, 5, 6, 15, 14] 1541.1908493041992
[16, 10, 8, 13, 12, 7, 2, 11, 3, 4, 1, 9, 14, 5, 6, 15] 1541.848477602005
[16, 12, 8, 15, 2, 7, 10, 9, 3, 6, 1, 11, 4, 5, 14, 13] 1558.3277175426483
[16, 12, 9, 14, 2, 6, 10, 8, 4, 7, 1, 11, 5, 3, 13, 15] 1559.8492577075958
[16, 12, 9, 14, 10, 6, 2, 8, 4, 7, 1, 11, 13, 3, 5, 15] 1560.8012220859528
[16, 13, 10, 14, 3, 5, 9, 7, 4, 8, 1, 12, 6, 2, 11, 15] 1568.1345670223236
[16, 13, 10, 14, 6, 8, 3, 7, 4, 11, 1, 15, 9, 2, 5, 12] 1568.6088888645172
1581.8953819274902
